[gd_scene load_steps=6 format=2]

[ext_resource path="res://game/characters/enemies/Enemy.gd" type="Script" id=1]
[ext_resource path="res://game/characters/Animations.tscn" type="PackedScene" id=2]
[ext_resource path="res://game/overlap/Hurtbox.tscn" type="PackedScene" id=3]

[sub_resource type="SphereShape" id=1]
radius = 0.543

[sub_resource type="CapsuleShape" id=2]
radius = 0.399364
height = 0.295251

[node name="Enemy" type="KinematicBody" groups=["Enemy"]]
collision_layer = 32
collision_mask = 35
script = ExtResource( 1 )

[node name="CollisionShape" type="CollisionShape" parent="."]

[node name="Animations" parent="." instance=ExtResource( 2 )]

[node name="ArmLeft" parent="Animations/Skeleton" index="3"]
transform = Transform( -1.19209e-07, 0.471936, -0.881633, 2.5332e-07, -0.881633, -0.471936, -1, -2.5332e-07, -1.19209e-07, 0.14, 0.691598, -1.3027e-15 )

[node name="ArmRight" parent="Animations/Skeleton" index="4"]
transform = Transform( -1.19209e-07, -0.471936, -0.881633, -2.23518e-07, -0.881633, 0.471936, -1, 2.23517e-07, -1.19209e-07, -0.14, 0.691598, 8.40813e-15 )

[node name="HandSlotLeft" parent="Animations/Skeleton" index="5"]
transform = Transform( -1, 2.92556e-08, 0, 0, 1.04171e-07, 1, -1.04757e-07, 1, -7.80337e-08, 0.4, 0.205887, -1.3956e-07 )

[node name="HandSlotRight" parent="Animations/Skeleton" index="6"]
transform = Transform( -1, 1.0808e-07, 0, 0, -1.76167e-07, 1, 3.87132e-10, 1, 2.23518e-07, -0.4, 0.205887, 1.2314e-07 )

[node name="PhysicalBoneArmLeft" parent="Animations/Skeleton" index="8"]
transform = Transform( -1.19209e-07, 0.471936, -0.881633, 2.5332e-07, -0.881633, -0.471936, -1, -2.5332e-07, -1.19209e-07, 0.14, 0.691598, -1.3027e-15 )
body_offset = Transform( 1, -2.84217e-14, -7.10543e-15, 0, 1, 3.33301e-14, -3.55271e-15, 3.66104e-15, 1, 0, 0, 0 )

[node name="PhysicalBoneArmRight" parent="Animations/Skeleton" index="9"]
transform = Transform( -1.19209e-07, -0.471936, -0.881633, -2.23518e-07, -0.881633, 0.471936, -1, 2.23517e-07, -1.19209e-07, -0.14, 0.691598, 8.40813e-15 )
body_offset = Transform( 1, 0, 0, 0, 1, -3.0198e-14, -8.32667e-17, -8.66354e-17, 1, 0, 0, 0 )

[node name="PhysicalBoneHandSlotLeft" parent="Animations/Skeleton" index="11"]
transform = Transform( -1, 2.92556e-08, -3.88453e-24, 7.4018e-22, 1.04171e-07, 1, -1.04757e-07, 1, -7.80337e-08, 0.4, 0.205887, -1.3956e-07 )
body_offset = Transform( 1, 0, 2.11758e-22, 7.10543e-15, 1, 7.10543e-15, 0, 7.10543e-15, 1, 0, 0, 0 )

[node name="PhysicalBoneHandSlotRight" parent="Animations/Skeleton" index="12"]
transform = Transform( -1, 1.0808e-07, -1.69407e-21, 1.72782e-24, -1.76167e-07, 1, 3.87132e-10, 1, 2.23518e-07, -0.4, 0.205887, 1.2314e-07 )
body_offset = Transform( 1, 7.10543e-15, 1.69407e-21, 2.77556e-17, 1, 0, 6.61744e-24, 0, 1, 0, 0, 0 )

[node name="HeadHurtbox" parent="." instance=ExtResource( 3 )]
collision_layer = 32

[node name="CollisionShape" parent="HeadHurtbox" index="0"]
transform = Transform( 1, 0, 0, 0, -4.37114e-08, -1, 0, 1, -4.37114e-08, 0, 1.29124, 0 )
shape = SubResource( 1 )

[node name="BodyHurtbox" parent="." instance=ExtResource( 3 )]
collision_layer = 32

[node name="CollisionShape" parent="BodyHurtbox" index="0"]
transform = Transform( 1, 0, 0, 0, -4.37114e-08, -1, 0, 1, -4.37114e-08, 0, 0.386644, 0 )
shape = SubResource( 2 )

[node name="AnimationPlayer" type="AnimationPlayer" parent="."]

[node name="DeathTimer" type="Timer" parent="."]
wait_time = 2.0
one_shot = true

[connection signal="take_damage" from="HeadHurtbox" to="." method="_on_HeadHurtbox_take_damage"]
[connection signal="take_damage" from="BodyHurtbox" to="." method="_on_BodyHurtbox_take_damage"]
[connection signal="timeout" from="DeathTimer" to="." method="_on_DeathTimer_timeout"]

[editable path="Animations"]
[editable path="HeadHurtbox"]
[editable path="BodyHurtbox"]
